[WUNDERGROUND]
API_KEY  : e1f10a1e78da46f5b10a1e78da96f525
LOCATION_NAME  : LasVegas
LAT1 : 36.005055325874046
LAT2 : 36.3356429585791
LONG1  : -115.3231046593203
LONG2  : -115.05349983395864
START_DATE : 2022-01-01
END_DATE : 2022-12-31