[WUNDERGROUND]
API_KEY  : e1f10a1e78da46f5b10a1e78da96f525
LOCATION_NAME  : Orlando
LAT1 : 28.606887847140825
LAT2 : 28.35076968097282
LONG1  : -81.45146183493664
LONG2  : -81.22053056813435
START_DATE : 2022-01-01
END_DATE : 2022-12-31