[NETATMOS]
LOCATION_NAME  : LasVegas
LAT_NE: 36.33370056032155
LON_NE: -115.08988530124974
LAT_SW: 36.14330825556408
LON_SW: -115.39338329708407
START_DATE: 2022-01-01 
END_DATE: 2022-12-31
REQUIRED_DATA: temperature
FILTER: false
CLIENT_ID: 64a9cbd81810ac41d00789e8
CLIENT_SECRET:4akNMrnZ1Rg9lVTgC7Fyy5UDGQ2lVlUZAohVlx2