[WUNDERGROUND]
API_KEY  : e1f10a1e78da46f5b10a1e78da96f525
LOCATION_NAME  : LasVegas
LAT1 : 36.13909519084939
LAT2 : 36.33305709345035
LONG1  : -115.39477955750526
LONG2  : -115.0753039773971
START_DATE : 2023-01-01
END_DATE : 2022-12-31