[WUNDERGROUND]
API_KEY  : e1f10a1e78da46f5b10a1e78da96f525
LOCATION_NAME  : Milwaukee
LAT1 : 43.010847405459515
LAT2 : 43.162292008749006
LONG1  : -89.5487861243889
LONG2  : -89.27138135292776
START_DATE : 2019-01-01
END_DATE : 2019-12-31